0000000000
0111000000
1010100000
0111000000
0010000000
0000000000
0000000000
0000000000
0000000000
0000000000

0000000000
0111000000
1010100000
0111000000
0010000000
0000000000
0000000000
0000000000
0000000000
0000000000

0000000000
0111000000
1010100000
0111000000
0010000000
0000000000
0000000000
0000000000
0000000000
0000000000

0000000000
0111000000
1010100000
0111000000
0010000000
0000000000
0000000000
0000000000
0000000000
0000000000

0000000000
0111000000
1010100000
0111000000
0010000000
0000000000
0000000000
0000000000
0000000000
0000000000

0000000000
0111000000
1010100000
0111000000
0010000000
0000000000
0000000000
0000000000
0000000000
0000000000

0000000000
0111000000
1010100000
0111000000
0010000000
0000000000
0000000000
0000000000
0000000000
0000000000

0000000000
0111000000
1010100000
0111000000
0010000000
0000000000
0000000000
0000000000
0000000000
0000000000

0000000000
0111000000
1010100000
0111000000
0010000000
0000000000
0000000000
0000000000
0000000000
0000000000

0000000000
0111000000
1010100000
0111000000
0010000000
0000000000
0000000000
0000000000
0000000000
0000000000
